equilibration
 &cntrl
   numexchg=3000,
   ig=439367,
   irest=1, ntx=5,
   igb=8, gbsa=1,
   cut=9999.0, rgbmax=9998.0,
   ntc=2, ntf=1, tol=0.000001,
   ntt=3, gamma_ln=2.0, temp0=331.000000,
   ntb=0, nscm=10000,
   ioutfm=1,
   nstlim=1000, dt=0.001,
   ntpr=1000, ntwx=1000, ntwv=0, ntwr=1000,
   nmropt=1,
 /
 &wt
   type='END'
 /
DISANG=chirality.disang

